latitude=17.4443944
longitude=78.5197979
